título: geometria simples
coordenadas dos nós
38
1	64.13	51.95
2	47.93	44.48
3	31.64	36.78
4	15.20	29.18
5	63.75	33.04
6	63.15	15.37
7	47.73	26.43
8	48.58	11.67
9	30.95	16.74
10	13.22	13.31
11	64.83	70.82
12	48.41	63.22
13	32.11	55.51
14	15.89	48.07
15	16.26	66.97
16	16.85	84.64
17	32.29	73.58
18	31.43	88.33
19	49.07	83.26
20	66.79	86.69
21	0.00	80.00
22	0.00	60.00
23	0.00	40.00
24	0.00	20.00
25	20.00	0.00
26	40.00	0.00
27	60.00	0.00
28	60.00	100.00
29	40.00	100.00
30	20.00	100.00
31	80.00	20.00
32	80.00	40.00
33	80.00	60.00
34	80.00	80.00
35	0.00	100.00
36	0.00	0.00
37	80.00	0.00
38	80.00	100.00
matrix de incidencias/conectividades
56
 1    1    3   32       5      31
 2    1    3    5       1       2
 3    1    3    1      32      33
 4    1    3    1       5      32
 5    1    3    6      31       5
 6    1    3   37       6      27
 7    1    3   37      31       6
 8    1    3    7       2       3
 9    1    3    5       7       6
10    1    3    5       2       7
11    1    3    8       6       7
12    1    3   27       8      26
13    1    3   27       6       8
14    1    3    9       3       4
15    1    3    7       9       8
16    1    3    7       3       9
17    1    3   26       9      25
18    1    3   26       8       9
19    1    3   25      10      36
20    1    3   10      24      36
21    1    3   10       4      24
22    1    3    9      10      25
23    1    3    9       4      10
24    1    3    4      23      24
25    1    3   14       4       3
26    1    3   14      23       4
27    1    3    1      11      12
28    1    3   11      33      34
29    1    3   11       1      33
30    1    3    3      13      14
31    1    3    3       2      13
32    1    3   12       2       1
33    1    3   12      13       2
34    1    3   22      15      21
35    1    3   15      14      13
36    1    3   14      22      23
37    1    3   14      15      22
38    1    3   16      21      15
39    1    3   35      16      30
40    1    3   35      21      16
41    1    3   17      13      12
42    1    3   15      17      16
43    1    3   15      13      17
44    1    3   18      16      17
45    1    3   30      18      29
46    1    3   30      16      18
47    1    3   19      12      11
48    1    3   17      19      18
49    1    3   17      12      19
50    1    3   29      19      28
51    1    3   29      18      19
52    1    3   28      20      38
53    1    3   20      34      38
54    1    3   20      11      34
55    1    3   19      20      28
56    1    3   19      11      20
propriedades material
1 
  1  0  68.9e9  0.33  1
Fontes/carregamentos distribuídos
0 
Condição fronteira essencial 
3 
21   1   0
22   1   0
23   1   0
24   1   0
35   1   0
36   1   0
21   2   0
22   2   0
23   2   0
24   2   0
35   2   0
36   2   0
cargas pontuais impostas  
0
tensão imposta na fronteira
5
  53    34    38  10.e6  0
  28    33    34  10.e6  0
   3    32    33  10.e6  0
   1    31    32  10.e6  0
   7    37    31  10.e6  0