título: geometria simples
coordenadas dos nos
30
1	    20	    60
2	    40	    60
3	    60	    60
4	    40	    80
5	    60	    80
6	    20	    80
7	    40	    40
8	    40	    20
9	    60	    40
10	    60	    20
11	    20	    40
12	    20	    20
13	    0	    80
14	    0	    60
15	    0	    40
16	    0	    20
17	    20	    0
18	    40	    0
19	    60	    0
20	    60	    100
21	    40	    100
22	    20	    100
23	    80	    20
24	    80	    40
25	    80	    60
26	    80	    80
27	    0	    100
28	    0	    0
29	    80	    0
30	    80	    100
matriz de incidências/conectividades
20
  1    1    4      5       4       2       3
  2    1    4      5       3      25      26
  3    1    4     20      21       4       5
  4    1    4     20       5      26      30
  5    1    4      6      22      27      13
  6    1    4      6      13      14       1
  7    1    4      4      21      22       6
  8    1    4      4       6       1       2
  9    1    4      9      24      25       3
 10    1    4      9       3       2       7
 11    1    4     10       8      18      19
 12    1    4     10      19      29      23
 13    1    4      9       7       8      10
 14    1    4      9      10      23      24
 15    1    4     11       7       2       1
 16    1    4     11       1      14      15
 17    1    4     12      16      28      17
 18    1    4     12      17      18       8
 19    1    4     11      15      16      12
 20    1    4     11      12       8       7
propriedades material
1 
  1  0  68.9e9  0.33  1000
Fontes/carregamentos distribuídos
0 
Condição fronteira essencial 
3 
 13   1   0
 13   2   0
 14   1   0
 14   2   0
 15   1   0
 15   2   0
 16   1   0
 16   2   0
 27   1   0
 27   2   0
 28   1   0
 28   2   0
cargas pontuais impostas  
0
tensão imposta na fronteira
 5
   2   25   26  10.e6  0
   4   26   30  10.e6  0
   9   24   25  10.e6  0
  12   29   23  10.e6  0
  14   23   24  10.e6  0