título: placa triângulos quadrático
coordenadas dos nós
397
1	    750.00	    600.00
2	    743.81	    444.40
3	    756.19	    755.60
4	    1376.61	    232.18
5	    1254.17	    298.30
6	    1120.64	    361.40
7	    989.55	    437.98
8	    869.52	    519.75
9	    857.04	    367.11
10	    971.04	    262.17
11	    1006.69	    102.26
12	    1133.67	    202.58
13	    1366.34	    98.08
14	    1266.63	    171.62
15	    1364.35	    827.46
16	    1240.25	    742.02
17	    1123.87	    663.79
18	    999.12	    592.94
19	    1373.73	    523.21
20	    1248.91	    445.03
21	    1375.53	    374.59
22	    1246.43	    594.07
23	    1121.52	    516.05
24	    1370.69	    672.51
25	    1360.16	    990.25
26	    1208.54	    907.95
27	    1124.46	    787.06
28	    1010.14	    741.23
29	    878.72	    675.00
30	    887.00	    844.09
31	    1042.73	    885.47
32	    942.77	    985.62
33	    958.18	    1099.60
34	    1086.40	    1049.88
35	    1237.00	    1070.00
36	    123.43	    967.87
37	    245.94	    901.81
38	    379.46	    838.69
39	    510.48	    762.05
40	    630.49	    680.25
41	    642.97	    832.89
42	    528.99	    937.85
43	    493.33	    1097.76
44	    366.38	    997.47
45	    133.68	    1101.93
46	    233.41	    1028.43
47	    135.66	    372.52
48	    259.75	    457.94
49	    376.14	    536.18
50	    500.90	    607.07
51	    253.58	    605.76
52	    126.43	    677.10
53	    129.34	    527.50
54	    251.25	    755.29
55	    124.55	    825.54
56	    378.53	    683.99
57	    139.84	    209.75
58	    291.46	    292.03
59	    375.55	    412.91
60	    489.86	    458.75
61	    621.28	    525.00
62	    613.00	    355.91
63	    457.27	    314.51
64	    557.23	    214.37
65	    541.82	    100.40
66	    413.60	    150.12
67	    263.00	    129.99
68	    800.43	    405.76
69	    746.90	    372.19
70	    803.52	    333.55
71	    863.28	    443.43
72	    923.30	    402.55
73	    929.54	    478.87
74	    806.67	    482.08
75	    809.76	    559.88
76	    746.91	    522.20
77	    980.30	    350.08
78	    1045.84	    311.79
79	    1055.10	    399.69
80	    841.12	    303.37
81	    914.04	    314.64
82	    898.12	    250.90
83	    917.39	    193.29
84	    940.84	    51.13
85	    1018.97	    51.13
86	    935.22	    113.34
87	    988.86	    182.21
88	    1052.35	    232.37
89	    1070.18	    152.42
90	    1127.15	    281.99
91	    1193.92	    250.44
92	    1187.40	    329.85
93	    1097.09	    51.13
94	    1160.58	    101.29
95	    1433.17	    124.04
96	    1438.31	    191.09
97	    1371.48	    165.13
98	    1433.17	    49.04
99	    1355.05	    49.04
100	    1276.92	    49.04
101	    1227.07	    85.81
102	    1200.15	    187.10
103	    1316.49	    134.85
104	    1260.40	    234.96
105	    1321.62	    201.90
106	    1315.39	    265.24
107	    1438.31	    266.09
108	    1437.76	    337.29
109	    1437.76	    412.29
110	    1376.07	    303.38
111	    1314.85	    336.45
112	    1251.54	    371.67
113	    1184.77	    403.22
114	    1312.22	    409.81
115	    1436.86	    486.60
116	    1436.86	    561.60
117	    1374.63	    448.90
118	    1311.32	    484.12
119	    1121.08	    438.73
120	    1055.54	    477.02
121	    1185.22	    480.54
122	    1247.67	    519.55
123	    1183.98	    555.06
124	    994.34	    515.46
125	    934.32	    556.34
126	    1060.32	    554.49
127	    1185.15	    628.93
128	    1243.34	    668.04
129	    1182.06	    702.90
130	    1122.70	    589.92
131	    1061.49	    628.36
132	    1432.17	    788.73
133	    1367.52	    749.99
134	    1435.34	    711.25
135	    1432.17	    863.73
136	    1305.47	    707.26
137	    1308.56	    633.29
138	    1302.30	    784.74
139	    1435.34	    636.25
140	    1372.21	    597.86
141	    1310.08	    558.64
142	    874.12	    597.38
143	    814.36	    637.50
144	    938.92	    633.97
145	    1067.00	    702.51
146	    1124.16	    725.42
147	    1067.30	    764.15
148	    1004.63	    667.08
149	    944.43	    708.11
150	    1430.08	    945.12
151	    1430.08	    1020.12
152	    1362.25	    908.86
153	    1284.35	    949.10
154	    1286.44	    867.71
155	    1182.35	    764.54
156	    1224.39	    824.98
157	    1166.50	    847.51
158	    821.59	    799.84
159	    818.50	    872.05
160	    753.10	    827.81
161	    882.86	    759.54
162	    948.57	    792.66
163	    817.46	    715.30
164	    753.09	    677.80
165	    1026.44	    813.35
166	    964.86	    864.78
167	    1083.59	    836.27
168	    885.27	    975.34
169	    902.24	    1025.48
170	    857.38	    904.57
171	    914.88	    914.85
172	    992.75	    935.55
173	    909.94	    1082.47
174	    950.47	    1042.61
175	    916.59	    1149.80
176	    994.71	    1149.80
177	    1058.82	    1124.94
178	    1136.95	    1124.94
179	    1022.29	    1074.74
180	    1014.58	    1017.75
181	    1064.56	    967.68
182	    1125.63	    896.71
183	    1147.47	    978.92
184	    1421.88	    1125.00
185	    1351.95	    1095.12
186	    1290.37	    1135.00
187	    1298.58	    1030.13
188	    1212.25	    1135.00
189	    1161.70	    1059.94
190	    1222.77	    988.98
191	    699.58	    794.25
192	    696.49	    866.45
193	    636.73	    756.57
194	    576.72	    797.47
195	    570.49	    721.15
196	    693.34	    717.92
197	    690.25	    640.12
198	    519.74	    849.95
199	    454.22	    888.27
200	    444.97	    800.37
201	    658.89	    896.63
202	    585.98	    885.37
203	    601.90	    949.11
204	    582.62	    1006.72
205	    559.16	    1148.88
206	    481.04	    1148.88
207	    564.79	    1086.67
208	    511.16	    1017.80
209	    447.69	    967.66
210	    429.85	    1047.61
211	    372.92	    918.08
212	    306.16	    949.64
213	    312.70	    870.25
214	    402.91	    1148.88
215	    339.44	    1098.74
216	    66.84	    1075.97
217	    61.72	    1008.93
218	    128.55	    1034.90
219	    66.84	    1150.97
220	    144.96	    1150.97
221	    223.09	    1150.97
222	    272.96	    1114.21
223	    299.90	    1012.95
224	    183.54	    1065.18
225	    239.68	    965.12
226	    178.42	    998.15
227	    184.69	    934.84
228	    67.83	    411.26
229	    67.83	    336.26
230	    132.50	    450.01
231	    197.70	    415.23
232	    194.55	    492.72
233	    64.67	    488.75
234	    64.67	    563.75
235	    63.21	    638.55
236	    63.21	    713.55
237	    127.88	    602.30
238	    256.66	    531.85
239	    317.95	    497.06
240	    314.86	    570.97
241	    191.46	    566.63
242	    190.00	    641.43
243	    62.28	    787.77
244	    62.28	    862.77
245	    125.49	    751.32
246	    188.84	    716.20
247	    187.90	    790.42
248	    61.72	    933.93
249	    123.99	    896.71
250	    248.60	    828.55
251	    315.36	    796.99
252	    185.25	    863.68
253	    377.34	    610.08
254	    316.06	    644.88
255	    438.52	    571.62
256	    439.72	    645.53
257	    505.69	    684.56
258	    565.70	    643.66
259	    444.51	    723.02
260	    252.42	    680.53
261	    314.89	    719.64
262	    379.00	    761.34
263	    625.89	    602.62
264	    685.64	    562.50
265	    561.09	    566.03
266	    433.00	    497.46
267	    375.84	    474.54
268	    432.71	    435.83
269	    495.38	    532.91
270	    555.57	    491.88
271	    69.92	    254.87
272	    69.92	    179.87
273	    137.75	    291.14
274	    215.65	    250.89
275	    213.56	    332.28
276	    317.65	    435.43
277	    275.61	    374.99
278	    333.50	    352.47
279	    678.41	    400.15
280	    681.50	    327.95
281	    617.14	    440.45
282	    551.43	    407.33
283	    682.55	    484.70
284	    473.57	    386.63
285	    535.14	    335.21
286	    416.41	    363.71
287	    614.73	    224.66
288	    597.76	    174.52
289	    642.62	    295.43
290	    585.12	    285.14
291	    507.25	    264.44
292	    590.06	    117.53
293	    549.53	    157.39
294	    583.41	    50.20
295	    505.29	    50.20
296	    441.18	    75.06
297	    363.05	    75.06
298	    477.71	    125.26
299	    485.42	    182.25
300	    435.44	    232.31
301	    374.37	    303.27
302	    352.53	    221.07
303	    78.13	    75.00
304	    148.05	    104.87
305	    209.63	    65.00
306	    201.42	    169.87
307	    287.75	    65.00
308	    338.30	    140.05
309	    277.23	    211.01
310	    0.00	    1050.00
311	    0.00	    900.00
312	    0.00	    750.00
313	    0.00	    600.00
314	    0.00	    450.00
315	    0.00	    300.00
316	    0.00	    150.00
317	    0.00	    1125.00
318	    0.00	    375.00
319	    0.00	    525.00
320	    0.00	    675.00
321	    0.00	    825.00
322	    0.00	    975.00
323	    0.00	    225.00
324	    0.00	    75.00
325	    156.25	    0.00
326	    312.50	    0.00
327	    468.75	    0.00
328	    546.88	    0.00
329	    390.63	    0.00
330	    78.13	    0.00
331	    234.38	    0.00
332	    468.75	    1200.00
333	    312.50	    1200.00
334	    156.25	    1200.00
335	    546.88	    1200.00
336	    390.63	    1200.00
337	    78.13	    1200.00
338	    234.38	    1200.00
339	    638.29	    134.67
340	    672.23	    234.95
341	    750.00	    299.98
342	    825.20	    239.63
343	    863.75	    124.42
344	    795.07	    279.89
345	    848.88	    183.52
346	    872.27	    62.47
347	    651.92	    185.95
348	    703.03	    278.01
349	    628.22	    67.67
350	    861.71	    1065.33
351	    827.77	    965.05
352	    750.00	    900.02
353	    674.80	    960.37
354	    636.25	    1075.58
355	    848.08	    1014.05
356	    796.97	    921.99
357	    871.78	    1132.33
358	    704.93	    920.11
359	    651.12	    1016.48
360	    627.73	    1137.53
361	    1031.25	    0.00
362	    1187.50	    0.00
363	    1343.75	    0.00
364	    953.13	    0.00
365	    1109.38	    0.00
366	    1421.88	    0.00
367	    1265.63	    0.00
368	    1343.75	    1200.00
369	    1187.50	    1200.00
370	    1031.25	    1200.00
371	    953.13	    1200.00
372	    1109.38	    1200.00
373	    1421.88	    1200.00
374	    1265.63	    1200.00
375	    1500.00	    150.00
376	    1500.00	    300.00
377	    1500.00	    450.00
378	    1500.00	    600.00
379	    1500.00	    750.00
380	    1500.00	    900.00
381	    1500.00	    1050.00
382	    1500.00	    75.00
383	    1500.00	    225.00
384	    1500.00	    375.00
385	    1500.00	    525.00
386	    1500.00	    825.00
387	    1500.00	    675.00
388	    1500.00	    975.00
389	    1500.00	    1125.00
390	    0.00	    1200.00
391	    0.00	    0.00
392	    625.00	    0.00
393	    625.00	    1200.00
394	    875.00	    0.00
395	    875.00	    1200.00
396	    1500.00	    0.00
397	    1500.00	    1200.00
matriz de incidências/conectividades
176
   1      1     6       9       2     341      68      69      70
   2      1     6       8       9       7      71      72      73
   3      1     6       2       8       1      74      75      76
   4      1     6       2       9       8      68      71      74
   5      1     6       7      10       6      77      78      79
   6      1     6     342       9     341      80      70     344
   7      1     6       9      10       7      81      77      72
   8      1     6      10     342     343      82     345      83
   9      1     6      10       9     342      81      80      82
  10      1     6      11     394     361      84     364      85
  11      1     6     343      11      10      86      87      83
  12      1     6     343     394      11     346      84      86
  13      1     6      12      10      11      88      87      89
  14      1     6       6      12       5      90      91      92
  15      1     6       6      10      12      78      88      90
  16      1     6      11     362      12      93      94      89
  17      1     6      11     361     362      85     365      93
  18      1     6      13     375       4      95      96      97
  19      1     6     396      13     363      98      99     366
  20      1     6     396     375      13     382      95      98
  21      1     6      13     362     363     100     367      99
  22      1     6     362      14      12     101     102      94
  23      1     6     362      13      14     100     103     101
  24      1     6      14       5      12     104      91     102
  25      1     6       4      14      13     105     103      97
  26      1     6       4       5      14     106     104     105
  27      1     6     376       4     375     107      96     383
  28      1     6      21     376     377     108     384     109
  29      1     6       4      21       5     110     111     106
  30      1     6       4     376      21     107     108     110
  31      1     6       5      20       6     112     113      92
  32      1     6       5      21      20     111     114     112
  33      1     6      19     377     378     115     385     116
  34      1     6      21      19      20     117     118     114
  35      1     6      21     377      19     109     115     117
  36      1     6       6      23       7     119     120      79
  37      1     6      23      20      22     121     122     123
  38      1     6      23       6      20     119     113     121
  39      1     6       7      18       8     124     125      73
  40      1     6       7      23      18     120     126     124
  41      1     6      17      22      16     127     128     129
  42      1     6      23      17      18     130     131     126
  43      1     6      23      22      17     123     127     130
  44      1     6     379      15      24     132     133     134
  45      1     6     379     380      15     386     135     132
  46      1     6      24      16      22     136     128     137
  47      1     6      24      15      16     133     138     136
  48      1     6     378      24      19     139     140     116
  49      1     6     378     379      24     387     134     139
  50      1     6      19      22      20     141     122     118
  51      1     6      19      24      22     140     137     141
  52      1     6       8      29       1     142     143      75
  53      1     6       8      18      29     125     144     142
  54      1     6      28      17      27     145     146     147
  55      1     6      18      28      29     148     149     144
  56      1     6      18      17      28     131     145     148
  57      1     6      25     380     381     150     388     151
  58      1     6      15      25      26     152     153     154
  59      1     6      15     380      25     135     150     152
  60      1     6      16      27      17     155     146     129
  61      1     6      26      16      15     156     138     154
  62      1     6      26      27      16     157     155     156
  63      1     6       3      30     352     158     159     160
  64      1     6      30      29      28     161     149     162
  65      1     6      29       3       1     163     164     143
  66      1     6      29      30       3     161     158     163
  67      1     6      28      31      30     165     166     162
  68      1     6      28      27      31     147     167     165
  69      1     6     351      32     350     168     169     355
  70      1     6      30     351     352     170     356     159
  71      1     6      32      30      31     171     166     172
  72      1     6      32     351      30     168     170     171
  73      1     6      33     350      32     173     169     174
  74      1     6     395      33     370     175     176     371
  75      1     6     395     350      33     357     173     175
  76      1     6     370      34     369     177     178     372
  77      1     6      33      34     370     179     177     176
  78      1     6      34      32      31     180     172     181
  79      1     6      34      33      32     179     174     180
  80      1     6      31      26      34     182     183     181
  81      1     6      31      27      26     167     157     182
  82      1     6     381     368      25     184     185     151
  83      1     6     381     397     368     389     373     184
  84      1     6      25     368      35     185     186     187
  85      1     6     369      35     368     188     186     374
  86      1     6      34      35     369     189     188     178
  87      1     6      35      26      25     190     153     187
  88      1     6      35      34      26     189     183     190
  89      1     6      41       3     352     191     160     192
  90      1     6      40      41      39     193     194     195
  91      1     6       3      40       1     196     197     164
  92      1     6       3      41      40     191     193     196
  93      1     6      39      42      38     198     199     200
  94      1     6     353      41     352     201     192     358
  95      1     6      41      42      39     202     198     194
  96      1     6      42     353     354     203     359     204
  97      1     6      42      41     353     202     201     203
  98      1     6      43     393     332     205     335     206
  99      1     6     354      43      42     207     208     204
 100      1     6     354     393      43     360     205     207
 101      1     6      44      42      43     209     208     210
 102      1     6      38      44      37     211     212     213
 103      1     6      38      42      44     199     209     211
 104      1     6      43     333      44     214     215     210
 105      1     6      43     332     333     206     336     214
 106      1     6      45     310      36     216     217     218
 107      1     6     390      45     334     219     220     337
 108      1     6     390     310      45     317     216     219
 109      1     6      45     333     334     221     338     220
 110      1     6     333      46      44     222     223     215
 111      1     6     333      45      46     221     224     222
 112      1     6      46      37      44     225     212     223
 113      1     6      36      46      45     226     224     218
 114      1     6      36      37      46     227     225     226
 115      1     6      47     314     315     228     318     229
 116      1     6      53      47      48     230     231     232
 117      1     6     314      53     313     233     234     319
 118      1     6     314      47      53     228     230     233
 119      1     6     313      52     312     235     236     320
 120      1     6     313      53      52     234     237     235
 121      1     6      51      48      49     238     239     240
 122      1     6      53      51      52     241     242     237
 123      1     6      53      48      51     232     238     241
 124      1     6     312      55     311     243     244     321
 125      1     6      55      52      54     245     246     247
 126      1     6      55     312      52     243     236     245
 127      1     6     311      36     310     248     217     322
 128      1     6     311      55      36     244     249     248
 129      1     6      37      54      38     250     251     213
 130      1     6      55      37      36     252     227     249
 131      1     6      55      54      37     247     250     252
 132      1     6      49      56      51     253     254     240
 133      1     6      49      50      56     255     256     253
 134      1     6      39      50      40     257     258     195
 135      1     6      39      56      50     259     256     257
 136      1     6      51      54      52     260     246     242
 137      1     6      51      56      54     254     261     260
 138      1     6      38      56      39     262     259     200
 139      1     6      38      54      56     251     261     262
 140      1     6      40      61       1     263     264     197
 141      1     6      40      50      61     258     265     263
 142      1     6      60      49      59     266     267     268
 143      1     6      50      60      61     269     270     265
 144      1     6      50      49      60     255     266     269
 145      1     6      57     315     316     271     323     272
 146      1     6      47      57      58     273     274     275
 147      1     6      47     315      57     229     271     273
 148      1     6      48      59      49     276     267     239
 149      1     6      58      48      47     277     231     275
 150      1     6      58      59      48     278     276     277
 151      1     6       2      62     341     279     280      69
 152      1     6      62      61      60     281     270     282
 153      1     6      61       2       1     283      76     264
 154      1     6      61      62       2     281     279     283
 155      1     6      60      63      62     284     285     282
 156      1     6      60      59      63     268     286     284
 157      1     6     340      64     339     287     288     347
 158      1     6      62     340     341     289     348     280
 159      1     6      64      62      63     290     285     291
 160      1     6      64     340      62     287     289     290
 161      1     6      65     339      64     292     288     293
 162      1     6     392      65     327     294     295     328
 163      1     6     392     339      65     349     292     294
 164      1     6     327      66     326     296     297     329
 165      1     6      65      66     327     298     296     295
 166      1     6      66      64      63     299     291     300
 167      1     6      66      65      64     298     293     299
 168      1     6      63      58      66     301     302     300
 169      1     6      63      59      58     286     278     301
 170      1     6     316     325      57     303     304     272
 171      1     6     316     391     325     324     330     303
 172      1     6      57     325      67     304     305     306
 173      1     6     326      67     325     307     305     331
 174      1     6      66      67     326     308     307     297
 175      1     6      67      58      57     309     274     306
 176      1     6      67      66      58     308     302     309
propriedades material
1 
  1  0  68.9e9  0.33  1000
Fontes/carregamentos distribuídos
0 
Condição fronteira essencial 
3
313   1     0
313   2     0
390   1     0
391   1     0
310   1     0
311   1     0
312   1     0
314   1     0
315   1     0
316   1     0
317   1     0
318   1     0
319   1     0
320   1     0
321   1     0
322   1     0
323   1     0
324   1     0
cargas pontuais impostas  
0
tensão imposta na fronteira
 8
  20     396    382     375    10.e6   0
  27     375    383     376    10.e6   0
  28     376    384     377    10.e6   0
  33     377    385     378    10.e6   0
  45     379    386     380    10.e6   0
  49     378    387     379    10.e6   0
  57     380    388     381    10.e6   0
  83     381    389     397    10.e6   0