título: placa quadrados quadrático
coordenadas dos nós
285
1	    750.00	    600.00
2	    791.22	    426.82
3	    708.77	    773.19
4	    1350.15	    602.52
5	    1202.24	    605.01
6	    1057.54	    606.76
7	    912.74	    604.83
8	    1205.59	    463.12
9	    1201.80	    319.80
10	    1185.86	    165.34
11	    1349.26	    307.80
12	    1344.70	    155.67
13	    1351.25	    455.94
14	    938.69	    473.93
15	    1067.72	    471.99
16	    1067.28	    342.31
17	    1008.47	    188.34
18	    972.51	    379.20
19	    899.17	    308.99
20	    1183.60	    1043.17
21	    1191.04	    893.01
22	    1197.12	    748.24
23	    1345.51	    897.59
24	    1348.20	    749.62
25	    1343.27	    1047.75
26	    1047.83	    745.31
27	    898.14	    742.75
28	    1011.82	    1030.71
29	    1039.42	    883.08
30	    926.17	    953.91
31	    907.40	    862.66
32	    587.40	    595.32
33	    442.41	    593.26
34	    297.49	    594.88
35	    149.55	    597.34
36	    316.36	    156.83
37	    308.88	    306.98
38	    302.73	    451.71
39	    154.42	    302.39
40	    151.67	    450.33
41	    156.70	    152.24
42	    452.13	    454.70
43	    601.90	    457.31
44	    488.16	    169.29
45	    460.56	    316.93
46	    573.83	    246.11
47	    592.61	    337.36
48	    294.26	    736.85
49	    298.13	    880.20
50	    314.11	    1034.66
51	    150.68	    892.19
52	    155.28	    1044.33
53	    148.62	    744.02
54	    561.32	    726.13
55	    432.23	    728.03
56	    432.69	    857.72
57	    491.52	    1011.67
58	    527.49	    820.84
59	    600.83	    891.03
60	    1346.98	    231.73
61	    1275.53	    313.80
62	    1193.83	    242.57
63	    1265.28	    160.50
64	    1186.68	    82.67
65	    1344.23	    77.83
66	    1424.63	    303.90
67	    1422.35	    152.83
68	    1350.70	    529.23
69	    1276.20	    603.77
70	    1203.92	    534.06
71	    1278.42	    459.53
72	    1203.70	    391.46
73	    1350.25	    381.87
74	    1425.07	    601.26
75	    1425.62	    452.97
76	    1136.66	    467.55
77	    1129.89	    605.89
78	    1062.63	    539.38
79	    831.37	    602.42
80	    770.61	    513.41
81	    864.96	    450.37
82	    925.72	    539.38
83	    1003.20	    472.96
84	    985.14	    605.80
85	    1019.86	    94.17
86	    1097.17	    176.84
87	    1067.50	    407.15
88	    1134.54	    331.05
89	    1037.87	    265.32
90	    936.11	    156.38
91	    862.18	    274.31
92	    953.82	    248.67
93	    1019.89	    360.75
94	    935.84	    344.10
95	    955.60	    426.57
96	    770.61	    363.40
97	    845.20	    367.90
98	    1346.85	    823.60
99	    1268.27	    895.30
100	    1194.08	    820.63
101	    1272.66	    748.93
102	    1199.68	    676.63
103	    1349.17	    676.07
104	    1422.75	    898.79
105	    1424.10	    749.81
106	    1343.51	    1123.88
107	    1185.55	    1121.59
108	    1263.44	    1045.46
109	    1187.32	    968.09
110	    1344.39	    972.67
111	    1421.64	    1048.88
112	    1122.48	    746.78
113	    1052.69	    676.04
114	    803.46	    757.97
115	    729.38	    686.60
116	    905.44	    673.79
117	    972.99	    744.03
118	    1097.71	    1036.94
119	    1021.54	    1115.36
120	    936.77	    1048.02
121	    1043.62	    814.20
122	    1115.23	    888.04
123	    1025.62	    956.90
124	    916.78	    908.28
125	    973.41	    872.87
126	    969.00	    992.31
127	    876.97	    959.48
128	    902.77	    802.70
129	    153.05	    376.36
130	    231.65	    304.68
131	    305.80	    379.34
132	    227.20	    451.02
133	    300.11	    523.29
134	    223.52	    596.11
135	    150.61	    523.83
136	    77.21	    301.20
137	    75.83	    450.17
138	    74.77	    598.67
139	    156.48	    76.12
140	    314.43	    78.41
141	    236.53	    154.53
142	    312.62	    231.90
143	    155.56	    227.32
144	    78.35	    151.12
145	    369.95	    594.07
146	    377.43	    453.21
147	    447.27	    523.98
148	    696.56	    442.06
149	    668.70	    597.66
150	    594.65	    526.31
151	    514.91	    594.29
152	    527.01	    456.00
153	    402.26	    163.06
154	    478.46	    84.65
155	    563.23	    151.98
156	    456.34	    385.81
157	    384.72	    311.95
158	    474.36	    243.11
159	    583.22	    291.73
160	    526.58	    327.14
161	    531.00	    207.70
162	    623.03	    240.53
163	    597.25	    397.33
164	    152.98	    968.26
165	    224.40	    886.19
166	    306.12	    957.43
167	    234.69	    1039.50
168	    313.30	    1117.33
169	    155.76	    1122.16
170	    75.34	    896.09
171	    77.64	    1047.16
172	    149.09	    670.68
173	    295.88	    665.87
174	    221.44	    740.44
175	    296.20	    808.53
176	    149.65	    818.10
177	    74.31	    747.01
178	    363.24	    732.44
179	    437.32	    660.64
180	    635.05	    749.66
181	    574.36	    660.72
182	    496.78	    727.08
183	    480.13	    1105.83
184	    402.81	    1023.16
185	    432.46	    792.88
186	    365.41	    868.96
187	    462.10	    934.70
188	    563.88	    1043.62
189	    637.82	    925.70
190	    546.17	    951.35
191	    480.09	    839.28
192	    564.16	    855.93
193	    544.40	    773.49
194	    729.39	    836.60
195	    654.80	    832.11
196	    671.30	    318.67
197	    828.70	    881.34
198	    0.00	    1050.00
199	    0.00	    900.00
200	    0.00	    750.00
201	    0.00	    600.00
202	    0.00	    450.00
203	    0.00	    300.00
204	    0.00	    150.00
205	    0.00	    375.00
206	    0.00	    525.00
207	    0.00	    75.00
208	    0.00	    225.00
209	    0.00	    975.00
210	    0.00	    1125.00
211	    0.00	    675.00
212	    0.00	    825.00
213	    156.25	    0.00
214	    312.50	    0.00
215	    468.75	    0.00
216	    234.38	    0.00
217	    78.13	    0.00
218	    390.63	    0.00
219	    546.88	    0.00
220	    468.75	    1200.00
221	    312.50	    1200.00
222	    156.25	    1200.00
223	    234.38	    1200.00
224	    78.13	    1200.00
225	    390.63	    1200.00
226	    546.88	    1200.00
227	    638.29	    134.67
228	    672.23	    234.95
229	    750.00	    299.98
230	    825.20	    239.63
231	    863.75	    124.42
232	    872.27	    62.47
233	    848.88	    183.52
234	    795.07	    279.89
235	    628.22	    67.67
236	    651.92	    185.95
237	    703.03	    278.01
238	    861.71	    1065.33
239	    827.77	    965.05
240	    750.00	    900.02
241	    674.80	    960.37
242	    636.25	    1075.58
243	    871.78	    1132.33
244	    848.08	    1014.05
245	    627.73	    1137.53
246	    651.12	    1016.48
247	    704.93	    920.11
248	    796.97	    921.99
249	    1031.25	    0.00
250	    1187.50	    0.00
251	    1343.75	    0.00
252	    1265.63	    0.00
253	    1421.88	    0.00
254	    1109.38	    0.00
255	    953.13	    0.00
256	    1343.75	    1200.00
257	    1187.50	    1200.00
258	    1031.25	    1200.00
259	    1265.63	    1200.00
260	    1421.88	    1200.00
261	    1109.38	    1200.00
262	    953.13	    1200.00
263	    1500.00	    150.00
264	    1500.00	    300.00
265	    1500.00	    450.00
266	    1500.00	    600.00
267	    1500.00	    750.00
268	    1500.00	    900.00
269	    1500.00	    1050.00
270	    1500.00	    225.00
271	    1500.00	    75.00
272	    1500.00	    525.00
273	    1500.00	    375.00
274	    1500.00	    825.00
275	    1500.00	    675.00
276	    1500.00	    1125.00
277	    1500.00	    975.00
278	    0.00	    1200.00
279	    0.00	    0.00
280	    625.00	    0.00
281	    625.00	    1200.00
282	    875.00	    0.00
283	    875.00	    1200.00
284	    1500.00	    0.00
285	    1500.00	    1200.00
matriz de incidências/conectividades
80
 1      1     8     12      11       9      10      60      61     62      63
 2      1     8     12      10     250     251      63      64    252      65
 3      1     8    263     264      11      12     270      66     60      67
 4      1     8    263      12     251     284      67      65    253     271
 5      1     8     13       4       5       8      68      69     70      71
 6      1     8     13       8       9      11      71      72     61      73
 7      1     8    265     266       4      13     272      74     68      75
 8      1     8    265      13      11     264      75      73     66     273
 9      1     8     15       8       5       6      76      70     77      78
10      1     8      7       1       2      14      79      80     81      82
11      1     8      7      14      15       6      82      83     78      84
12      1     8     17     249     250      10      85     254     64      86
13      1     8      9       8      15      16      72      76     87      88
14      1     8      9      16      17      10      88      89     86      62
15      1     8    231     282     249      17     232     255     85      90
16      1     8     19     230     231      17      91     233     90      92
17      1     8     19      17      16      18      92      89     93      94
18      1     8     18      16      15      14      93      87     83      95
19      1     8      2     229     230      19      96     234     91      97
20      1     8      2      19      18      14      97      94     95      81
21      1     8     24      23      21      22      98      99    100     101
22      1     8     24      22       5       4     101     102     69     103
23      1     8    267     268      23      24     274     104     98     105
24      1     8    267      24       4     266     105     103     74     275
25      1     8     25     256     257      20     106     259    107     108
26      1     8     25      20      21      23     108     109     99     110
27      1     8    269     285     256      25     276     260    106     111
28      1     8    269      25      23     268     111     110    104     277
29      1     8      6       5      22      26      77     102    112     113
30      1     8     27       3       1       7     114     115     79     116
31      1     8     27       7       6      26     116      84    113     117
32      1     8     28      20     257     258     118     107    261     119
33      1     8     28     258     283     238     119     262    243     120
34      1     8     29      26      22      21     121     112    100     122
35      1     8     29      21      20      28     122     109    118     123
36      1     8     30      31      29      28     124     125    123     126
37      1     8     30      28     238     239     126     120    244     127
38      1     8     27      26      29      31     117     121    125     128
39      1     8     40      39      37      38     129     130    131     132
40      1     8     40      38      34      35     132     133    134     135
41      1     8    202     203      39      40     205     136    129     137
42      1     8    202      40      35     201     137     135    138     206
43      1     8     41     213     214      36     139     216    140     141
44      1     8     41      36      37      39     141     142    130     143
45      1     8    204     279     213      41     207     217    139     144
46      1     8    204      41      39     203     144     143    136     208
47      1     8     33      34      38      42     145     133    146     147
48      1     8     43       2       1      32     148      80    149     150
49      1     8     43      32      33      42     150     151    147     152
50      1     8     44      36     214     215     153     140    218     154
51      1     8     44     215     280     227     154     219    235     155
52      1     8     45      42      38      37     156     146    131     157
53      1     8     45      37      36      44     157     142    153     158
54      1     8     46      47      45      44     159     160    158     161
55      1     8     46      44     227     228     161     155    236     162
56      1     8     43      42      45      47     152     156    160     163
57      1     8     52      51      49      50     164     165    166     167
58      1     8     52      50     221     222     167     168    223     169
59      1     8    198     199      51      52     209     170    164     171
60      1     8    198      52     222     278     171     169    224     210
61      1     8     53      35      34      48     172     134    173     174
62      1     8     53      48      49      51     174     175    165     176
63      1     8    200     201      35      53     211     138    172     177
64      1     8    200      53      51     199     177     176    170     212
65      1     8     55      48      34      33     178     173    145     179
66      1     8     32       1       3      54     149     115    180     181
67      1     8     32      54      55      33     181     182    179     151
68      1     8     57     220     221      50     183     225    168     184
69      1     8     49      48      55      56     175     178    185     186
70      1     8     49      56      57      50     186     187    184     166
71      1     8    242     281     220      57     245     226    183     188
72      1     8     59     241     242      57     189     246    188     190
73      1     8     59      57      56      58     190     187    191     192
74      1     8     58      56      55      54     191     185    182     193
75      1     8      3     240     241      59     194     247    189     195
76      1     8      3      59      58      54     195     192    193     180
77      1     8     47      46     228     229     159     162    237     196
78      1     8    229       2      43      47      96     148    163     196
79      1     8     31      30     239     240     124     127    248     197
80      1     8    240       3      27      31     194     114    128     197
propriedades material
1 
  1  0  68.9e9  0.33  1000
Fontes/carregamentos distribuídos
0 
Condição fronteira essencial 
3
201   1     0
201   2     0
278   1     0
279   1     0
198   1     0
199   1     0
200   1     0
202   1     0
203   1     0
204   1     0
205   1     0
206   1     0
207   1     0
208   1     0
209   1     0
210   1     0
211   1     0
212   1     0
cargas pontuais impostas  
0
tensão imposta na fronteira
 8
   3     263     270    264    10.e6   0
   4     284     271    263    10.e6   0
   7     265     272    266    10.e6   0
   8     264     273    265    10.e6   0
  23     267     274    268    10.e6   0
  24     266     275    267    10.e6   0
  27     269     276    285    10.e6   0
  28     268     277    269    10.e6   0