título: placa triângulos
coordenadas dos nós
111
1	    750.00	    600.00
2	    743.81	    444.40
3	    756.19	    755.60
4	    1376.61	    232.18
5	    1254.17	    298.30
6	    1120.64	    361.40
7	    989.55	    437.98
8	    869.52	    519.75
9	    857.04	    367.11
10	    971.04	    262.17
11	    1006.69	    102.26
12	    1133.67	    202.58
13	    1366.34	    98.08
14	    1266.63	    171.62
15	    1364.35	    827.46
16	    1240.25	    742.02
17	    1123.87	    663.79
18	    999.12	    592.94
19	    1373.73	    523.21
20	    1248.91	    445.03
21	    1375.53	    374.59
22	    1246.43	    594.07
23	    1121.52	    516.05
24	    1370.69	    672.51
25	    1360.16	    990.25
26	    1208.54	    907.95
27	    1124.46	    787.06
28	    1010.14	    741.23
29	    878.72	    675.00
30	    887.00	    844.09
31	    1042.73	    885.47
32	    942.77	    985.62
33	    958.18	    1099.60
34	    1086.40	    1049.88
35	    1237.00	    1070.00
36	    123.43	    967.87
37	    245.94	    901.81
38	    379.46	    838.69
39	    510.48	    762.05
40	    630.49	    680.25
41	    642.97	    832.89
42	    528.99	    937.85
43	    493.33	    1097.76
44	    366.38	    997.47
45	    133.68	    1101.93
46	    233.41	    1028.43
47	    135.66	    372.52
48	    259.75	    457.94
49	    376.14	    536.18
50	    500.90	    607.07
51	    253.58	    605.76
52	    126.43	    677.10
53	    129.34	    527.50
54	    251.25	    755.29
55	    124.55	    825.54
56	    378.53	    683.99
57	    139.84	    209.75
58	    291.46	    292.03
59	    375.55	    412.91
60	    489.86	    458.75
61	    621.28	    525.00
62	    613.00	    355.91
63	    457.27	    314.51
64	    557.23	    214.37
65	    541.82	    100.40
66	    413.60	    150.12
67	    263.00	    129.99
68	    0.00	    1050.00
69	    0.00	    900.00
70	    0.00	    750.00
71	    0.00	    600.00
72	    0.00	    450.00
73	    0.00	    300.00
74	    0.00	    150.00
75	    156.25	    0.00
76	    312.50	    0.00
77	    468.75	    0.00
78	    468.75	    1200.00
79	    312.50	    1200.00
80	    156.25	    1200.00
81	    638.29	    134.67
82	    672.23	    234.95
83	    750.00	    299.98
84	    825.20	    239.63
85	    863.75	    124.42
86	    861.71	    1065.33
87	    827.77	    965.05
88	    750.00	    900.02
89	    674.80	    960.37
90	    636.25	    1075.58
91	    1031.25	    0.00
92	    1187.50	    0.00
93	    1343.75	    0.00
94	    1343.75	    1200.00
95	    1187.50	    1200.00
96	    1031.25	    1200.00
97	    1500.00	    150.00
98	    1500.00	    300.00
99	    1500.00	    450.00
100	    1500.00	    600.00
101	    1500.00	    750.00
102	    1500.00	    900.00
103	    1500.00	    1050.00
104	    0.00	    1200.00
105	    0.00	    0.00
106	    625.00	    0.00
107	    625.00	    1200.00
108	    875.00	    0.00
109	    875.00	    1200.00
110	    1500.00	    0.00
111	    1500.00	    1200.00
matriz de incidências/conectividades
176
   1      1     3      9       2      83
   2      1     3      8       9       7
   3      1     3      2       8       1
   4      1     3      2       9       8
   5      1     3      7      10       6
   6      1     3     84       9      83
   7      1     3      9      10       7
   8      1     3     10      84      85
   9      1     3     10       9      84
  10      1     3     11     108      91
  11      1     3     85      11      10
  12      1     3     85     108      11
  13      1     3     12      10      11
  14      1     3      6      12       5
  15      1     3      6      10      12
  16      1     3     11      92      12
  17      1     3     11      91      92
  18      1     3     13      97       4
  19      1     3    110      13      93
  20      1     3    110      97      13
  21      1     3     13      92      93
  22      1     3     92      14      12
  23      1     3     92      13      14
  24      1     3     14       5      12
  25      1     3      4      14      13
  26      1     3      4       5      14
  27      1     3     98       4      97
  28      1     3     21      98      99
  29      1     3      4      21       5
  30      1     3      4      98      21
  31      1     3      5      20       6
  32      1     3      5      21      20
  33      1     3     19      99     100
  34      1     3     21      19      20
  35      1     3     21      99      19
  36      1     3      6      23       7
  37      1     3     23      20      22
  38      1     3     23       6      20
  39      1     3      7      18       8
  40      1     3      7      23      18
  41      1     3     17      22      16
  42      1     3     23      17      18
  43      1     3     23      22      17
  44      1     3    101      15      24
  45      1     3    101     102      15
  46      1     3     24      16      22
  47      1     3     24      15      16
  48      1     3    100      24      19
  49      1     3    100     101      24
  50      1     3     19      22      20
  51      1     3     19      24      22
  52      1     3      8      29       1
  53      1     3      8      18      29
  54      1     3     28      17      27
  55      1     3     18      28      29
  56      1     3     18      17      28
  57      1     3     25     102     103
  58      1     3     15      25      26
  59      1     3     15     102      25
  60      1     3     16      27      17
  61      1     3     26      16      15
  62      1     3     26      27      16
  63      1     3      3      30      88
  64      1     3     30      29      28
  65      1     3     29       3       1
  66      1     3     29      30       3
  67      1     3     28      31      30
  68      1     3     28      27      31
  69      1     3     87      32      86
  70      1     3     30      87      88
  71      1     3     32      30      31
  72      1     3     32      87      30
  73      1     3     33      86      32
  74      1     3    109      33      96
  75      1     3    109      86      33
  76      1     3     96      34      95
  77      1     3     33      34      96
  78      1     3     34      32      31
  79      1     3     34      33      32
  80      1     3     31      26      34
  81      1     3     31      27      26
  82      1     3    103      94      25
  83      1     3    103     111      94
  84      1     3     25      94      35
  85      1     3     95      35      94
  86      1     3     34      35      95
  87      1     3     35      26      25
  88      1     3     35      34      26
  89      1     3     41       3      88
  90      1     3     40      41      39
  91      1     3      3      40       1
  92      1     3      3      41      40
  93      1     3     39      42      38
  94      1     3     89      41      88
  95      1     3     41      42      39
  96      1     3     42      89      90
  97      1     3     42      41      89
  98      1     3     43     107      78
  99      1     3     90      43      42
 100      1     3     90     107      43
 101      1     3     44      42      43
 102      1     3     38      44      37
 103      1     3     38      42      44
 104      1     3     43      79      44
 105      1     3     43      78      79
 106      1     3     45      68      36
 107      1     3    104      45      80
 108      1     3    104      68      45
 109      1     3     45      79      80
 110      1     3     79      46      44
 111      1     3     79      45      46
 112      1     3     46      37      44
 113      1     3     36      46      45
 114      1     3     36      37      46
 115      1     3     47      72      73
 116      1     3     53      47      48
 117      1     3     72      53      71
 118      1     3     72      47      53
 119      1     3     71      52      70
 120      1     3     71      53      52
 121      1     3     51      48      49
 122      1     3     53      51      52
 123      1     3     53      48      51
 124      1     3     70      55      69
 125      1     3     55      52      54
 126      1     3     55      70      52
 127      1     3     69      36      68
 128      1     3     69      55      36
 129      1     3     37      54      38
 130      1     3     55      37      36
 131      1     3     55      54      37
 132      1     3     49      56      51
 133      1     3     49      50      56
 134      1     3     39      50      40
 135      1     3     39      56      50
 136      1     3     51      54      52
 137      1     3     51      56      54
 138      1     3     38      56      39
 139      1     3     38      54      56
 140      1     3     40      61       1
 141      1     3     40      50      61
 142      1     3     60      49      59
 143      1     3     50      60      61
 144      1     3     50      49      60
 145      1     3     57      73      74
 146      1     3     47      57      58
 147      1     3     47      73      57
 148      1     3     48      59      49
 149      1     3     58      48      47
 150      1     3     58      59      48
 151      1     3      2      62      83
 152      1     3     62      61      60
 153      1     3     61       2       1
 154      1     3     61      62       2
 155      1     3     60      63      62
 156      1     3     60      59      63
 157      1     3     82      64      81
 158      1     3     62      82      83
 159      1     3     64      62      63
 160      1     3     64      82      62
 161      1     3     65      81      64
 162      1     3    106      65      77
 163      1     3    106      81      65
 164      1     3     77      66      76
 165      1     3     65      66      77
 166      1     3     66      64      63
 167      1     3     66      65      64
 168      1     3     63      58      66
 169      1     3     63      59      58
 170      1     3     74      75      57
 171      1     3     74     105      75
 172      1     3     57      75      67
 173      1     3     76      67      75
 174      1     3     66      67      76
 175      1     3     67      58      57
 176      1     3     67      66      58
propriedades material
1 
  1  0  68.9e9  0.33  1000
Fontes/carregamentos distribuídos
0 
Condição fronteira essencial 
3
 71     1     0
 71     2     0
 68     1     0
 69     1     0
 70     1     0
105     1     0
 72     1     0
 73     1     0
 74     1     0
104     1     0
cargas pontuais impostas 
0
tensão imposta na fronteira
 8
  20    110      97     10.e6  0
  27     97      98     10.e6  0
  28     98      99     10.e6  0
  33     99     100     10.e6  0
  45    101     102     10.e6  0
  49    100     101     10.e6  0
  57    102     103     10.e6  0
  83    103     111     10.e6  0