título: placa quadrados
coordenadas dos nós
103
1	    750.00	    600.00
2	    791.22	    426.82
3	    708.77	    773.19
4	    1350.15	    602.52
5	    1202.24	    605.01
6	    1057.54	    606.76
7	    912.74	    604.83
8	    1205.59	    463.12
9	    1201.80	    319.80
10	    1185.86	    165.34
11	    1349.26	    307.80
12	    1344.70	    155.67
13	    1351.25	    455.94
14	    938.69	    473.93
15	    1067.72	    471.99
16	    1067.28	    342.31
17	    1008.47	    188.34
18	    972.51	    379.20
19	    899.17	    308.99
20	    1183.60	    1043.17
21	    1191.04	    893.01
22	    1197.12	    748.24
23	    1345.51	    897.59
24	    1348.20	    749.62
25	    1343.27	    1047.75
26	    1047.83	    745.31
27	    898.14	    742.75
28	    1011.82	    1030.71
29	    1039.42	    883.08
30	    926.17	    953.91
31	    907.40	    862.66
32	    587.40	    595.32
33	    442.41	    593.26
34	    297.49	    594.88
35	    149.55	    597.34
36	    316.36	    156.83
37	    308.88	    306.98
38	    302.73	    451.71
39	    154.42	    302.39
40	    151.67	    450.33
41	    156.70	    152.24
42	    452.13	    454.70
43	    601.90	    457.31
44	    488.16	    169.29
45	    460.56	    316.93
46	    573.83	    246.11
47	    592.61	    337.36
48	    294.26	    736.85
49	    298.13	    880.20
50	    314.11	    1034.66
51	    150.68	    892.19
52	    155.28	    1044.33
53	    148.62	    744.02
54	    561.32	    726.13
55	    432.23	    728.03
56	    432.69	    857.72
57	    491.52	    1011.67
58	    527.49	    820.84
59	    600.83	    891.03
60	    0.00	    1050.00
61	    0.00	    900.00
62	    0.00	    750.00
63	    0.00	    600.00
64	    0.00	    450.00
65	    0.00	    300.00
66	    0.00	    150.00
67	    156.25	    0.00
68	    312.50	    0.00
69	    468.75	    0.00
70	    468.75	    1200.00
71	    312.50	    1200.00
72	    156.25	    1200.00
73	    638.29	    134.67
74	    672.23	    234.95
75	    750.00	    299.98
76	    825.20	    239.63
77	    863.75	    124.42
78	    861.71	    1065.33
79	    827.77	    965.05
80	    750.00	    900.02
81	    674.80	    960.37
82	    636.25	    1075.58
83	    1031.25	    0.00
84	    1187.50	    0.00
85	    1343.75	    0.00
86	    1343.75	    1200.00
87	    1187.50	    1200.00
88	    1031.25	    1200.00
89	    1500.00	    150.00
90	    1500.00	    300.00
91	    1500.00	    450.00
92	    1500.00	    600.00
93	    1500.00	    750.00
94	    1500.00	    900.00
95	    1500.00	    1050.00
96	    0.00	    1200.00
97	    0.00	    0.00
98	    625.00	    0.00
99	    625.00	    1200.00
100	    875.00	    0.00
101	    875.00	    1200.00
102	    1500.00	    0.00
103	    1500.00	    1200.00
matriz de incidências/conectividades
80
 1    1   4     12      11       9      10
 2    1   4     12      10      84      85
 3    1   4     89      90      11      12
 4    1   4     89      12      85     102
 5    1   4     13       4       5       8
 6    1   4     13       8       9      11
 7    1   4     91      92       4      13
 8    1   4     91      13      11      90
 9    1   4     15       8       5       6
10    1   4      7       1       2      14
11    1   4      7      14      15       6
12    1   4     17      83      84      10
13    1   4      9       8      15      16
14    1   4      9      16      17      10
15    1   4     77     100      83      17
16    1   4     19      76      77      17
17    1   4     19      17      16      18
18    1   4     18      16      15      14
19    1   4      2      75      76      19
20    1   4      2      19      18      14
21    1   4     24      23      21      22
22    1   4     24      22       5       4
23    1   4     93      94      23      24
24    1   4     93      24       4      92
25    1   4     25      86      87      20
26    1   4     25      20      21      23
27    1   4     95     103      86      25
28    1   4     95      25      23      94
29    1   4      6       5      22      26
30    1   4     27       3       1       7
31    1   4     27       7       6      26
32    1   4     28      20      87      88
33    1   4     28      88     101      78
34    1   4     29      26      22      21
35    1   4     29      21      20      28
36    1   4     30      31      29      28
37    1   4     30      28      78      79
38    1   4     27      26      29      31
39    1   4     40      39      37      38
40    1   4     40      38      34      35
41    1   4     64      65      39      40
42    1   4     64      40      35      63
43    1   4     41      67      68      36
44    1   4     41      36      37      39
45    1   4     66      97      67      41
46    1   4     66      41      39      65
47    1   4     33      34      38      42
48    1   4     43       2       1      32
49    1   4     43      32      33      42
50    1   4     44      36      68      69
51    1   4     44      69      98      73
52    1   4     45      42      38      37
53    1   4     45      37      36      44
54    1   4     46      47      45      44
55    1   4     46      44      73      74
56    1   4     43      42      45      47
57    1   4     52      51      49      50
58    1   4     52      50      71      72
59    1   4     60      61      51      52
60    1   4     60      52      72      96
61    1   4     53      35      34      48
62    1   4     53      48      49      51
63    1   4     62      63      35      53
64    1   4     62      53      51      61
65    1   4     55      48      34      33
66    1   4     32       1       3      54
67    1   4     32      54      55      33
68    1   4     57      70      71      50
69    1   4     49      48      55      56
70    1   4     49      56      57      50
71    1   4     82      99      70      57
72    1   4     59      81      82      57
73    1   4     59      57      56      58
74    1   4     58      56      55      54
75    1   4      3      80      81      59
76    1   4      3      59      58      54
77    1   4     47      46      74      75
78    1   4     75       2      43      47
79    1   4     31      30      79      80
80    1   4     80       3      27      31
propriedades material
1 
  1  0  68.9e9  0.33  1000
Fontes/carregamentos distribuídos
0 
Condição fronteira essencial 
3
63   1    0
63   2    0
96   1    0
97   1    0
60   1    0
61   1    0
62   1    0
64   1    0
65   1    0
66   1    0
cargas pontuais impostas  
0
tensão imposta na fronteira
 8
   3      89      90    10.e6   0
   4     102      89    10.e6   0
   7      91      92    10.e6   0
   8      90      91    10.e6   0
  23      93      94    10.e6   0
  24      92      93    10.e6   0
  27      95     103    10.e6   0
  28      94      95    10.e6   0